  2.0000000e+000  2.9437063e+000  3.4373148e+000  2.9109202e+000  4.0816315e+000  1.8741089e+000  1.0622965e+000  2.8623287e+000  4.0146545e+000  2.2963068e+000  2.3615127e+000
  1.0000000e+000  2.2271545e+000  2.1034292e+000  3.4953993e+000  8.8660433e-001  4.3933785e+000  3.2420087e+000  3.6651593e+000  2.8790614e+000  2.7651021e+000  3.5766594e+000
  2.0000000e+000  2.9296431e+000  3.7561238e+000  2.6415411e+000  2.5808533e+000  2.4462350e+000  2.8382889e+000  2.8596513e+000  3.5103924e+000  3.7935586e+000  4.5814926e+000
  1.0000000e+000  3.9050054e+000  4.1774046e+000  4.4006123e+000  2.3748245e+000  3.5304629e+000  4.0037133e+000  3.6022833e+000  3.2421629e-001  2.8689271e+000  3.0839825e+000
  2.0000000e+000  1.8948880e+000  2.4628508e+000  2.2357437e+000  1.4721679e+000  3.5934332e+000  2.6858519e+000  4.0322772e+000  3.1833057e+000  3.3432218e+000  3.4155293e+000
  2.0000000e+000  2.3239982e+000  4.7054027e+000  2.2785885e+000  3.3683915e+000  1.6106700e+000  9.9673149e-001  2.8160107e+000  2.8361054e+000  2.3355838e+000  2.2772971e+000
  2.0000000e+000  3.3218347e+000  1.6276323e+000  3.7745776e+000  1.6235385e+000  3.8021534e+000  1.4272748e+000  2.2348357e+000  4.3090262e+000  2.8595760e+000  2.7499110e+000
  2.0000000e+000  3.4441467e+000  3.7135766e+000  3.3601772e+000  3.0157596e+000  4.0296070e+000  2.1372708e+000  3.6951019e+000  2.5154207e+000  4.4655171e+000  2.1611765e+000
  2.0000000e+000  1.8504144e+000  2.2314751e+000  2.2065087e+000  4.7277147e+000  3.4856045e+000  2.4433898e+000  2.1929355e+000  2.5207839e+000  2.3098996e+000  2.8282449e+000
  2.0000000e+000  3.8923172e+000  2.8583084e+000  2.3594466e+000  4.2608367e+000  5.0266441e+000  1.2895016e+000  3.8719464e+000  3.8932828e+000  1.6775833e+000  3.8972827e+000
  2.0000000e+000  3.2557115e+000  3.0852703e+000  3.4065897e+000  2.2592630e+000  3.3126887e+000  2.8189982e+000  1.6219657e+000  4.9891075e+000  4.6487765e+000  3.5508556e+000
  2.0000000e+000  2.4930762e+000  3.8808799e+000  4.9542842e+000  5.0452589e+000  2.6505190e+000  2.2485658e+000  1.0417842e+000  1.5206833e+000  1.4541516e+000  4.4244138e+000
  2.0000000e+000  4.8838289e+000  2.4042501e+000  3.0479248e+000  4.5149450e+000  2.1225111e+000  3.6891425e+000  6.3296874e-001  3.6327264e+000  2.2486940e+000  2.0132956e+000
  2.0000000e+000  1.2566829e+000  2.8092589e+000  1.5896603e+000  3.2734192e+000  2.7447215e+000  3.3607137e+000  4.0501154e+000  4.3080490e+000  4.8650207e+000  1.6477674e+000
  2.0000000e+000  2.2453398e+000  3.6124782e+000  3.4128868e+000  1.8082026e+000  1.8692127e+000  3.2957669e+000  2.5645698e+000  4.2966141e+000  2.2572510e+000  4.6108266e+000
  1.0000000e+000  3.9135208e+000  2.3171361e+000  2.8840466e+000  2.2820948e+000  2.7696396e+000  3.2060195e+000  2.3788101e+000  5.9613870e+000  4.8082418e+000  3.1514697e+000
  1.0000000e+000  2.1757640e+000  2.2413623e+000  2.7445938e+000  5.8850299e+000  2.6167573e+000  1.4723739e+000  2.5871010e+000  3.6641859e+000  1.8531517e+000  3.0782171e+000
  1.0000000e+000  3.0707807e+000  3.7653881e+000  3.4814600e+000  2.9847848e+000  1.7767985e+000  4.4987153e+000  2.0620625e+000  2.9561922e+000  3.4182065e+000  3.2202620e+000
  2.0000000e+000  2.6462893e+000  2.6841755e+000  3.6463136e+000  3.9226808e+000  1.7742689e+000  2.8484494e+000  2.8434529e+000  2.3818237e+000  2.7199950e+000  2.9411849e+000
  2.0000000e+000  3.7901026e+000  3.1643250e+000  3.0380624e+000  4.6826182e+000  2.8514210e+000  2.8775289e+000  4.1520141e+000  4.4177738e+000  3.8201509e+000  2.8459152e+000
  2.0000000e+000  1.7858432e+000  5.0108992e+000  1.6510765e+000  4.1178666e+000  5.0326823e-001  1.9772664e+000  1.8455573e+000  2.9635558e+000  2.1334831e+000  1.8579893e+000
  1.0000000e+000  2.8521727e+000  3.2110460e+000  2.8392137e-001  1.6673947e+000  3.0870855e+000  2.6930396e+000  2.8378924e+000  3.9181115e+000  3.7746601e+000  3.6259535e+000
  2.0000000e+000  3.2895486e+000  4.1838276e+000  4.1076856e+000  1.6485817e+000  3.7749906e+000  2.0256012e+000  4.1337008e+000  2.0474911e+000  1.3485525e+000  3.0669628e+000
  2.0000000e+000  1.6714820e+000  2.9286774e+000  3.0101498e+000  3.5730982e+000  2.3731488e+000  3.2923291e+000  3.8157715e+000  4.4612974e+000  2.8176612e+000  2.3221750e+000
  2.0000000e+000  2.4524722e+000  2.7279441e+000  3.4985976e+000  3.1375595e+000  3.9153800e+000  3.6656688e+000  4.4131306e+000  2.6445858e+000  2.0361571e+000  2.8157161e+000
  2.0000000e+000 -1.9523129e-001  3.3773082e+000  2.4410999e+000  3.5235929e+000  3.4951936e+000  2.3681393e+000  3.9450777e+000  3.0367695e+000  3.3683255e+000  4.8223169e+000
  2.0000000e+000  2.8079497e+000  3.8263086e+000  2.5488310e+000  2.8205122e+000  2.2656400e+000  4.5833624e+000  3.5422463e+000  2.4438629e+000  3.6021053e+000  2.8215310e+000
  2.0000000e+000  9.9124395e-001  4.0045079e+000  2.3131470e+000  2.0791656e+000  3.8271539e+000  4.8172162e+000  1.9387980e+000  4.2400217e+000  4.4816966e+000  3.4955468e+000
  2.0000000e+000  3.6112725e+000  4.1996322e+000  3.9867441e+000  2.6665476e+000  8.2569070e-001  2.3024709e+000  2.1078073e+000  4.5178571e+000  3.4368482e+000  2.1122368e+000
  2.0000000e+000  1.9977741e+000  4.4137166e+000  3.4530376e+000  3.6232863e+000  3.6334275e+000  4.5783724e+000  2.9120615e+000  3.1434590e+000  2.2694769e+000  1.8968990e+000
  1.0000000e+000  3.2980226e+000  5.2758300e+000  3.2516729e+000  1.2761399e+000  2.1877291e+000  3.4255240e+000  2.9992742e+000  2.6229796e+000  2.9355841e+000  3.4061579e+000
  2.0000000e+000  2.2241700e+000  2.3012210e+000  3.3935399e+000  3.6196158e+000  3.2358094e+000  1.9658613e+000  1.0627759e+000  2.3266056e+000  3.6477401e+000  2.5210445e+000
  2.0000000e+000  1.3980056e+000  4.1002034e+000  3.9788964e+000  1.6788541e+000  4.6957104e+000  2.2319453e+000  3.9766937e+000  3.4748131e+000  3.6974678e+000  4.8909003e+000
  2.0000000e+000  3.8677944e+000  2.8342010e+000  2.4615858e+000  2.5260959e+000  3.1977740e+000  4.7567396e+000  2.1268024e+000  3.6613790e+000  3.0590653e+000  2.3373638e+000
  2.0000000e+000  2.7842545e+000  2.8010327e+000  2.5768710e+000  3.8862123e+000  1.8601801e+000  4.6840352e+000  2.7527102e+000  3.3643464e+000  3.1629180e+000  4.0740774e+000
  2.0000000e+000  3.5944457e+000  2.4520922e+000  2.1984178e+000  1.9477367e+000  4.8540746e+000  3.4916999e+000  1.0960238e+000  2.2705882e+000  3.2823841e+000  5.0797811e+000
  2.0000000e+000  1.9714257e+000  1.1086951e+000  2.2501560e+000  2.6743765e+000  4.3403310e+000  1.7310657e+000  3.6861374e+000  3.6495149e+000  2.3937417e+000  2.9657652e+000
  2.0000000e+000  3.7721050e+000  3.2995230e+000  3.4612032e+000  2.9766933e+000  2.7963079e+000  3.2157367e+000  1.9480646e+000  2.5086160e+000  1.4984541e+000  4.1222006e+000
  2.0000000e+000  3.6406539e+000  3.6950194e+000  3.2870020e+000  3.0666136e+000  3.8451331e+000  2.6057387e+000  2.8228370e+000  3.9621837e+000  3.5487107e+000  2.9509069e+000
  2.0000000e+000  2.2511547e+000  2.2348461e+000  2.5059775e+000  2.1451890e+000  2.8249836e+000  3.7296689e+000  2.9742176e+000  3.1741572e+000  7.7779991e-001  2.7118866e+000
  2.0000000e+000  2.8425309e+000  2.0683008e+000  3.7718493e+000  2.3747065e+000  2.4286821e+000  2.6059015e+000  3.0144505e+000  2.7435906e+000  2.0768945e+000  4.4772365e+000
  1.0000000e+000  4.5840034e+000  2.6003203e+000  3.2491283e+000  3.3697210e+000  4.3487040e+000  3.1086355e+000  2.2377960e+000  1.8514181e+000  3.6868115e+000  3.3860936e+000
  2.0000000e+000  2.7817501e+000  2.9493313e+000  4.2107730e+000  3.1129723e+000  3.5633959e+000  2.4004953e+000  2.9519137e+000  3.7970841e+000  2.1663107e+000  2.2393417e+000
  2.0000000e+000  1.5057569e+000  3.6554510e+000  3.9041131e+000  3.0978551e+000  3.4175914e+000  1.8818271e+000  2.8873010e+000  2.6756234e+000  3.7060187e+000  1.1765094e+000
  1.0000000e+000  2.0415878e+000  4.0700484e+000  3.1142319e+000  3.3644251e+000  3.8788925e+000  2.4173132e+000  3.0128715e+000  2.4321221e+000  3.6874766e+000  3.3919281e+000
  1.0000000e+000  2.0639804e+000  5.4162306e+000  2.7328235e+000  2.9618644e+000  2.9584401e+000  2.3827196e+000  3.5221266e+000  3.0661884e+000  3.7377459e+000  3.1697524e+000
  2.0000000e+000  2.8707126e+000  3.0729216e+000  2.2821014e+000  3.6192763e+000  3.4560476e+000  3.4971016e+000  2.4629182e+000  1.1571864e+000  8.4469665e-001  1.0067217e+000
  2.0000000e+000  3.5308287e+000  2.9619766e+000  4.4711292e+000  1.3339751e+000  4.3254039e+000  1.8329984e+000  1.1714842e+000  3.6049739e+000  2.6112166e+000  3.2012586e+000
  1.0000000e+000  4.8204062e+000  4.8603215e+000  3.6047127e+000  4.3661438e+000  3.6182188e+000  4.5836349e+000  3.0366568e+000  3.7375296e+000  2.4364444e+000  3.1266159e+000
  2.0000000e+000  2.5040602e+000  3.5562545e+000  3.1086221e+000  2.7950986e+000  2.7562396e+000  4.6687291e+000  3.8430873e+000  3.1556656e+000  2.5568861e+000  4.1691415e+000
  2.0000000e+000  2.6502553e+000  3.5610578e+000  2.7374602e+000  2.1643136e+000  3.9136690e+000  3.1847652e+000  2.3270051e+000  2.6427933e+000  3.2816196e+000  2.4847646e+000
  2.0000000e+000  1.8118379e+000  2.9467443e+000  4.6390222e+000  3.5761458e+000  4.3758745e+000  2.2240590e+000  3.8573521e+000  2.6699903e+000  2.8805062e+000  4.4074840e+000
  2.0000000e+000  3.8347504e+000  4.0195604e+000  4.4860135e+000  4.4874982e+000  3.4350974e+000  4.1763308e+000  4.7560318e+000  2.9894865e+000  2.8509537e+000  3.7153256e+000
  2.0000000e+000  3.4433693e+000  7.1529420e-001  1.9973427e+000  4.3766248e+000  3.4676706e+000  3.1181380e+000  3.9524798e+000  4.3767312e+000  4.3823739e+000  3.4634393e+000
  1.0000000e+000  2.2323602e+000  3.6678365e+000  3.2587082e+000  2.3865385e+000  1.5957021e+000  3.2694629e+000  2.7680964e+000  3.2314446e+000  3.6178899e+000  3.0652059e+000
  2.0000000e+000  2.0470847e+000  2.6271193e+000  1.9490544e+000  2.2106653e+000  3.3412476e+000  9.9562921e-001  1.9180141e+000  3.2963898e+000  3.1766292e+000  3.2550936e+000
  2.0000000e+000  1.2433713e+000  3.2374316e+000  4.1421422e+000  2.4720441e+000  2.0128817e+000  4.1446103e+000  2.3090409e+000  3.3133610e+000  1.6216064e+000  1.1307237e+000
  1.0000000e+000  3.0126077e+000  2.4617773e+000  3.8615142e+000  3.7958362e+000  2.0580136e+000  2.9438159e+000  2.6248982e+000  4.2759627e+000  4.0257706e+000  3.9036913e+000
  2.0000000e+000  1.6810176e+000  1.7539758e+000  4.0137739e+000  3.3319815e+000  2.0358844e+000  2.8628943e+000  4.6660312e+000  3.5341856e+000  3.6780994e+000  4.6288464e+000
  2.0000000e+000  2.0887149e+000  2.3079466e+000  1.5997322e+000  2.3816772e+000  4.1030611e+000  2.0666126e+000  3.8406197e+000  3.5765492e+000  3.1927074e+000  2.9121692e+000
  2.0000000e+000  1.1456898e+000  1.9188153e+000  3.6053162e+000  2.9192754e+000  3.9486151e+000  2.6260116e+000  2.1573525e+000  2.3708415e+000  7.8369396e-001  3.6737208e+000
  2.0000000e+000  5.1390568e+000  1.5737241e+000  3.3854386e+000  3.9502100e+000  2.8422297e+000  2.8576020e+000  3.7081033e+000  3.0925537e+000  4.1467974e+000  2.7183459e+000
  2.0000000e+000  3.5246918e+000  2.5433589e+000  3.3473508e+000  3.9093130e+000  4.4295165e+000  1.7071680e+000  2.8236377e+000  2.2804055e+000  3.4066297e+000  2.6218739e+000
  1.0000000e+000  1.8574925e+000  4.3767485e+000  3.7319139e+000  2.2464037e+000  1.6090923e+000  3.8639687e+000  2.3495008e+000  4.8165026e+000  4.0040992e+000  3.2441060e+000
  2.0000000e+000  5.7558465e+000  2.7641785e+000  2.1460419e+000  2.1356170e+000  2.1188117e+000  1.9853292e+000  2.9174880e+000  2.2839309e+000  2.3085439e+000  2.3741139e+000
  2.0000000e+000  1.6249140e+000  2.5066099e+000  3.7192054e+000  4.3776403e+000  4.4011418e+000  1.2194215e+000  3.4587473e+000  2.7941596e+000  3.5035452e+000  2.1564227e+000
  2.0000000e+000  2.5379077e+000  1.9316055e+000  2.7063417e+000  3.2494367e+000  3.1920785e+000  2.1131817e+000  4.4897555e+000  1.0988343e+000  3.3667835e+000  1.8111451e+000
  2.0000000e+000  2.3255013e+000  4.1024591e+000  1.5640261e+000  1.4802643e+000  2.9036916e+000  2.3699928e+000  1.9852054e+000  3.3346429e+000  1.3710114e+000  3.6208536e+000
  2.0000000e+000  2.1548470e+000  2.4585220e+000  3.3939546e+000  4.6224459e+000  3.9291649e+000  3.6783875e+000  3.0372875e+000  3.5896074e+000  3.4249174e+000  1.2512843e+000
  2.0000000e+000  3.0178175e+000  3.3166655e+000  4.2119044e+000  1.0830524e+000  2.4384803e+000  3.5702921e+000  3.4251731e+000  3.7413718e+000  3.4776846e+000  3.9494806e+000
  2.0000000e+000  1.9854335e+000  3.2111296e+000  1.2390987e+000  1.2168864e+000  2.1257876e+000  3.0644319e+000  5.4989089e+000  3.7970912e+000  2.2164996e+000  1.9961880e+000
  2.0000000e+000  1.3472879e+000  3.6017279e+000  3.6179577e+000  5.0395962e+000  4.1748539e+000  3.6184906e+000  3.0364869e+000  2.0739112e+000  3.1840956e+000  4.3737944e+000
  2.0000000e+000  1.8098045e+000  2.5605157e+000  2.7408860e+000  2.2451911e+000  4.6696595e+000  2.5286459e+000  2.8452829e+000  2.5266663e+000  2.8992791e+000  4.6447214e+000
  2.0000000e+000  3.4315372e+000  3.4151718e+000  2.3653829e+000  2.2143650e+000  2.2404518e+000  3.9028883e+000  2.6140757e+000  2.8334693e+000  4.3964673e+000  2.8259001e+000
  2.0000000e+000  4.0633146e+000  2.0178011e+000  2.3578292e+000  2.1935642e+000  1.0438875e+000  5.1076615e+000  3.9019361e+000  2.0459658e+000  3.4404744e+000  2.9520861e+000
  1.0000000e+000  2.9933740e+000  3.4360198e+000  3.4179652e+000  3.2719803e+000  3.5662734e+000  2.1357032e+000  3.3696320e+000  3.6045138e+000  4.0535288e+000  3.1964534e+000
  2.0000000e+000  2.8650793e+000  2.7335305e+000  9.9496413e-001  2.2343325e+000  4.2913843e+000  4.2444229e+000  2.3179176e+000  1.8365207e+000  4.6151585e+000  2.1514696e+000
  2.0000000e+000  3.1517762e+000  3.7400243e+000  4.1821075e+000  3.2739195e+000  3.4103379e+000  3.3989809e+000  4.3005602e+000  5.5598356e+000  3.4468964e+000  3.4646684e+000
  1.0000000e+000  3.0996243e+000  3.3870995e+000  3.7403992e+000  3.1866226e+000  3.1351995e+000  3.8738345e+000  3.5003829e+000  3.0769749e+000  3.6345907e+000  3.0064489e+000
  1.0000000e+000  4.2734595e+000  1.7839439e+000  1.0656063e+000  4.4864257e+000  4.0516416e+000  2.1398831e+000  2.7083220e+000  2.0897829e+000  2.7420033e+000  3.5562028e+000
  2.0000000e+000  3.5004813e+000  2.7431533e+000  3.5070734e+000  3.0856594e+000  4.5937861e+000  2.0894415e+000  2.6837082e+000  3.7952833e+000  3.8399553e+000  1.5315668e+000
  2.0000000e+000  3.5111524e+000  2.3969785e+000  4.0436114e+000  3.1079054e+000  1.6716583e+000  2.1594346e+000  4.0300326e+000  4.1245093e+000  2.8224202e+000  4.0227814e+000
  2.0000000e+000  4.5461931e+000  5.0783523e+000  1.9823185e+000  4.0892662e+000  3.1966696e+000  3.2476598e+000  4.9414771e+000  3.2256134e+000  2.2562391e+000  4.3773557e+000
  2.0000000e+000  3.5326986e+000  2.4385795e+000  3.9377793e+000  2.6273935e+000  1.4346525e+000  2.0984746e+000  5.7350380e+000  3.8688992e+000  2.1965803e+000  7.9022660e-001
  2.0000000e+000  3.5164056e+000  3.2621914e+000  1.5010737e+000  3.6912281e+000  3.3648743e+000  1.0145582e+000  3.3033594e+000  4.5833286e+000  3.1258046e+000  4.6893613e+000
  2.0000000e+000  2.9148905e+000  3.9843940e+000  2.8451298e+000  1.7229936e+000  4.0147441e+000  3.0978104e+000  2.8487986e+000  2.7934962e+000  4.5933063e+000  2.1315963e+000
  1.0000000e+000  2.3776196e+000  1.5041875e+000  3.3582551e+000  3.8443508e+000  3.2459100e+000  5.0625581e+000  3.5007059e+000  1.7764159e+000  3.8567034e+000  3.1681570e+000
  2.0000000e+000  3.5200098e+000  3.3454364e+000  1.9568198e+000  4.2176746e+000  2.3930235e+000  4.0456295e+000  1.4050151e+000  4.6563394e+000  2.4046169e+000  3.1401060e+000
  2.0000000e+000  4.3737721e+000  3.7412591e+000  4.9102730e+000  2.5300153e+000  4.1321875e+000  3.2851767e+000  1.8864387e+000  1.5891258e+000  2.0012912e+000  3.5484278e+000
  2.0000000e+000  2.8784737e+000  2.8849437e+000  1.5975513e+000  1.3739613e+000  2.9400162e+000  3.4128041e+000  1.4122635e+000  1.7890245e+000  9.2445208e-001  1.1950236e+000
  2.0000000e+000  4.9198188e+000  3.2455283e+000  2.5929108e+000  1.8859116e+000  2.2974463e+000  2.2742651e+000  3.2976327e+000  4.5941464e+000  3.0633543e+000  2.8002107e+000
  2.0000000e+000  4.0930012e+000  3.2315610e+000  5.0566824e+000  3.8919234e+000  2.1349956e+000  2.5598292e+000  4.7149101e+000  2.3221885e+000  2.1637289e+000  2.1759094e+000
  1.0000000e+000  4.5830334e+000  2.5504839e+000  4.4658172e+000  2.4297188e+000  4.4140271e+000  2.3150423e+000  3.3708179e+000  2.8981120e+000  1.9654915e+000  3.0747626e+000
  2.0000000e+000  3.4226355e+000  1.7783660e+000  2.7323351e+000  1.7062590e+000  4.5470014e+000  2.6223207e+000  1.9039976e+000  3.7447868e+000  2.9707766e+000  4.0897244e+000
  2.0000000e+000  2.0420443e+000  1.3767775e+000  3.1557701e+000  2.0014173e+000  2.3374236e+000  2.6371710e+000  3.1581123e+000  1.5874353e+000  3.4770926e+000  2.3965256e+000
  1.0000000e+000  2.4032476e+000  4.1368233e+000  3.3401033e+000  3.7567703e+000  3.0810107e+000  3.1371177e+000  2.8882723e+000  1.1512169e+000  1.7862381e+000  3.3916302e+000
  2.0000000e+000  3.6457200e+000  2.5145533e+000  3.2008539e+000  4.5249568e+000  2.8526836e+000  3.5708172e+000  3.5333751e+000  3.7128003e+000 -2.8849928e-001  4.3292931e+000
  1.0000000e+000  3.0317926e+000  3.4703320e+000  2.5715195e+000  3.2973916e+000  3.1252125e+000  2.6796562e+000  3.2951005e+000  2.6586515e+000  2.2031162e+000  3.1183651e+000
  2.0000000e+000  3.5910424e+000  2.0368210e+000  2.9249322e+000  1.8506644e+000  3.5903255e+000  3.7277757e+000  3.0999729e+000  3.1255856e+000  3.4330969e+000  2.3268676e+000
  2.0000000e+000  3.6101448e+000  4.6669528e+000  6.7281256e-001  3.1218149e+000  3.6468122e+000  4.0032170e+000  3.5080528e+000  2.0807370e+000  3.1587817e+000  3.9882806e+000
